　　　⊙周丽华 ○编辑 姚炯

　　虽然A股市场近期宽幅震荡，但难抑新增资金旺盛的做多激情。甚至是那些在上周暴跌中一度超跌（11月24日至11月27日大盘暴跌过程中，最大跌幅超过上证指数8.34%跌幅的品种个股本周迅速收复失地，渐有梅开二度特征。统计数据显示，此类个股共有315只。
　　从统计可以看出，梅开二度的个股主要体现在两类板块中，一是低价股，近期四个交易日持续触及涨停的大恒科技启动时股价只有6.12元。而如果这些低价股还拥有一定题材或者基本面有亮点的话，从而就有望成为新增资金进场发泄做多动能的对象，二级市场股价自然火爆异常。此类个股除了大恒科技外，还有陕西金叶、迪马股份等品种。
　　二是题材较为充沛的低碳经济概念股，这在近期的市场演绎中显得最为明显。上周五低碳经济概念股迅速先于大盘企稳，主要是因为中欧峰会以及即将召开的哥本哈根大会所带来的低碳经济概念题材。而且低碳经济概念股从上周末的节能减排设备股演绎到本周的环保股、林业股并衍生至那些拥有林业资产的造纸股，如此就使得此类个股成为梅开二度的主要品种，永安林业、中原环保、凯恩股份等就是如此。
　　梅开二度的个股可能会继续活跃下去：一是因为支撑这些强势股的资金宽松氛围仍然存在，尤其是新增资金的充沛度远超预期；二是因为题材优势犹存。目前哥本哈根大会尚未召开，从而意味着低碳经济概念前景依然乐观，所以环保、节能减排以及低价林业股等有继续炒作氛围。
　　更为重要的是，部分个股经过上周末的震荡洗盘后，拥有一定话语权的资金就有了加速拉升意愿。用技术派的语言就是上周末的震荡其实是“庄家”成功挖了一个坑，并借助于这个坑的反技术提示作用而借力打力，牵引股价迅速涨升，凯恩股份就是如此。当然此类个股也有着乐观的基本面预期支撑，凯恩股份的电池业务以及电解电容器纸的业绩复苏趋势较为清晰。此外，九龙电力、烟台冰轮等品种的基本面也相对独特，均有相当突出的亮点，所以也有望成为新增资金持续涌入的对象。
　　值得指出的是，有两类梅开二度个股也需要引起谨慎：一是持续暴涨的品种，因为暴涨往往意味着短线获利盘涌现，如果缺乏基本面配合，也就意味着暴涨透支了未来，此类个股短线调整压力大增，比如说大恒科技等品种；二是造纸行业等个股历史上股性一直较为呆滞，经过本周的活跃筹码出现了松动，抛压有所增强，对此类个股也应予以谨慎。
　　11月24日以来部分超跌后又梅开二度个股一览 （制表：上海聚源数据）
　　股票 股票 11.24 11.27 12.2 日均换手(%) 涨跌幅(%) 梅开二 股票 股票 11.24 11.27 12.2 日均换手(%) 涨跌幅(%) 梅开二
　　代码
　　简称 最高价 最低价 收盘价 度情况 代码 简称 最高价 最低价 收盘价 度情况
　　11.24-11.27 11.30-12.2
　　11.24-11.27 11.27-12.2 11.24-11.27 11.30-12.2 11.24-11.27 11.27-12.2
　　000663 永安林业 8.53 7.72 10.62 5.37 18.04 -9.50 37.56 28.07 600647同达创业18.65 16.70 19.87 3.10 6.32 -10.46 18.98 8.53
　　600288 大恒科技 7.28 6.12 8.33 5.85 12.26 -15.93 36.11 20.18 600960滨州活塞10.13 8.73 10.67 6.86 7.74 -13.82 22.22 8.40
　　600636三爱富9.54 8.55 11.14 6.39 16.66 -10.38 30.29 19.92 600582天地科技32.30 28.20 34.10 1.30 1.01 -12.69 20.92 8.23
　　600157鲁润股份14.78 13.10 17.02 6.86 15.37 -11.37 29.92 18.56 002236大华股份64.40 56.28 68.00 7.32 7.59 -12.61 20.82 8.22
　　000592中福实业6.53 5.84 7.51 15.84 31.67 -10.57 28.60 18.03 600199金种子酒14.28 12.00 14.88 4.83 9.48 -15.97 24.00 8.03
　　600103青山纸业4.59 4.11 5.28 4.79 13.11 -10.46 28.47 18.01 600805悦达投资11.08 9.07 11.44 4.80 6.85 -18.14 26.13 7.99
　　002021中捷股份7.41 6.42 8.37 5.53 12.11 -13.36 30.37 17.01 000957中通客车8.62 7.35 9.02 6.90 6.59 -14.73 22.72 7.99
　　000544 中原环保 9.98 9.03 11.26 15.91 32.25 -9.52 24.70 15.18 002063远光软件21.10 19.18 22.39 4.27 3.40 -9.10 16.74 7.64
　　600448华纺股份5.84 5.29 6.56 4.98 8.48 -9.42 24.01 14.59 002240威华股份11.34 10.25 12.00 4.61 8.02 -9.61 17.07 7.46
　　000551创元科技9.09 8.33 10.21 5.09 8.55 -8.36 22.57 14.21 600986科达股份8.35 7.00 8.65 5.33 3.99 -16.17 23.57 7.40
　　600567山鹰纸业5.71 5.05 6.28 7.01 12.85 -11.56 24.36 12.80 000812 陕西金叶 7.12 6.30 7.49 6.68 5.08 -11.52 18.89 7.37
　　600239云南城投28.29 25.76 30.93 10.29 6.24 -8.94 20.07 11.13 600565 迪马股份 7.22 6.40 7.59 11.95 10.79 -11.36 18.59 7.24
　　600571信雅达8.57 7.50 9.23 4.14 9.76 -12.49 23.07 10.58 600257大湖股份7.50 6.76 7.91 13.60 10.06 -9.87 17.01 7.15
　　600690青岛海尔22.72 20.22 24.56 2.20 2.46 -11.00 21.46 10.46 600326西藏天路15.40 13.68 16.18 16.25 11.72 -11.17 18.27 7.11
　　000715中兴商业10.66 9.64 11.57 2.12 5.38 -9.57 20.02 10.45 600252中恒集团27.35 23.56 28.44 3.27 3.07 -13.86 20.71 6.86
　　002026山东威达9.52 8.52 10.30 4.18 4.62 -10.50 20.89 10.39 002016世荣兆业13.79 12.07 14.40 22.75 14.83 -12.47 19.30 6.83
　　002196方正电机22.17 19.89 24.00 15.00 27.23 -10.28 20.66 10.38 002295精艺股份23.20 20.83 24.35 20.66 17.07 -10.22 16.90 6.68
　　600830香溢融通11.47 10.51 12.46 8.21 6.46 -8.37 18.55 10.18 002254烟台氨纶34.92 30.15 36.28 6.53 4.98 -13.66 20.33 6.67
　　002081金螳螂25.98 23.80 28.20 3.70 8.37 -8.39 18.49 10.10 600552方兴科技16.36 13.60 16.79 3.47 4.81 -16.87 23.46 6.59
　　000683远兴能源17.60 15.53 18.92 4.82 5.96 -11.76 21.83 10.07 600425青松建化18.05 15.58 18.72 8.66 6.56 -13.68 20.15 6.47
　　600292 九龙电力 9.97 8.70 10.67 2.22 6.31 -12.74 22.64 9.91 600738兰州民百8.82 7.68 9.16 6.26 7.63 -12.93 19.27 6.35
　　600506*ST香梨12.45 11.31 13.41 4.30 3.44 -9.16 18.57 9.41 600489中金黄金63.50 57.90 66.67 9.99 7.58 -8.82 15.15 6.33
　　002276万马电缆28.98 26.50 31.23 13.66 22.64 -8.56 17.85 9.29 600323南海发展11.86 10.43 12.34 6.37 12.77 -12.06 18.31 6.26
　　002301齐心文具35.68 31.46 37.99 8.68 8.36 -11.83 20.76 8.93 600345长江通信12.19 10.62 12.65 2.81 3.08 -12.88 19.11 6.24
　　000970中科三环8.80 7.73 9.36 6.50 9.63 -12.16 21.09 8.93 002102冠福家用8.02 6.95 8.31 7.89 8.43 -13.34 19.57 6.23
　　000829天音控股9.18 7.86 9.68 2.52 2.86 -14.38 23.16 8.78 000858五粮液28.28 25.33 29.52 1.42 1.78 -10.43 16.54 6.11
　　600588用友软件24.58 22.18 26.29 1.69 2.09 -9.76 18.53 8.77 000612焦作万方24.80 21.56 25.69 3.75 5.24 -13.06 19.16 6.09
　　000070特发信息9.29 8.51 9.96 5.47 7.22 -8.40 17.04 8.64 002266浙富股份30.16 27.53 31.60 2.67 3.82 -8.72 14.78 6.06
　　

